@096講:冒泡排序coding
num_list=[24,69,80,57,13,-1,-300,900]
print("排序前".center(50, "-"))
print(f"num_list:{num_list}")
print("排序後".center(50, "-"))
def bubble_sort(num_list):
 for i in range(0, len(num_list)-1):
  for j in range(0, len(num_list)-1-i):
    if num_list[j] > num_list[j+1]:
      num_list[j], num_list[j+1] = num_list[j+1], num_list[j]
    print(f"第{i+1}輪排序後的結果:", num_list)
bubble_sort(num_list)
print("最終排序結果".center(50, "-"))
print(f"最終排序結果: {num_list}")

####output####
-----------------------排序前------------------------
num_list:[24, 69, 80, 57, 13, -1, -300, 900]
-----------------------排序後------------------------
第1輪排序後的結果: [24, 69, 80, 57, 13, -1, -300, 900]
第1輪排序後的結果: [24, 69, 80, 57, 13, -1, -300, 900]
第1輪排序後的結果: [24, 69, 57, 80, 13, -1, -300, 900]
第1輪排序後的結果: [24, 69, 57, 13, 80, -1, -300, 900]
第1輪排序後的結果: [24, 69, 57, 13, -1, 80, -300, 900]
第1輪排序後的結果: [24, 69, 57, 13, -1, -300, 80, 900]
第1輪排序後的結果: [24, 69, 57, 13, -1, -300, 80, 900]
第2輪排序後的結果: [24, 69, 57, 13, -1, -300, 80, 900]
第2輪排序後的結果: [24, 57, 69, 13, -1, -300, 80, 900]
第2輪排序後的結果: [24, 57, 13, 69, -1, -300, 80, 900]
第2輪排序後的結果: [24, 57, 13, -1, 69, -300, 80, 900]
第2輪排序後的結果: [24, 57, 13, -1, -300, 69, 80, 900]
第2輪排序後的結果: [24, 57, 13, -1, -300, 69, 80, 900]
第3輪排序後的結果: [24, 57, 13, -1, -300, 69, 80, 900]
第3輪排序後的結果: [24, 13, 57, -1, -300, 69, 80, 900]
第3輪排序後的結果: [24, 13, -1, 57, -300, 69, 80, 900]
第3輪排序後的結果: [24, 13, -1, -300, 57, 69, 80, 900]
第3輪排序後的結果: [24, 13, -1, -300, 57, 69, 80, 900]
第4輪排序後的結果: [13, 24, -1, -300, 57, 69, 80, 900]
第4輪排序後的結果: [13, -1, 24, -300, 57, 69, 80, 900]
第4輪排序後的結果: [13, -1, -300, 24, 57, 69, 80, 900]
第4輪排序後的結果: [13, -1, -300, 24, 57, 69, 80, 900]
第5輪排序後的結果: [-1, 13, -300, 24, 57, 69, 80, 900]
第5輪排序後的結果: [-1, -300, 13, 24, 57, 69, 80, 900]
第5輪排序後的結果: [-1, -300, 13, 24, 57, 69, 80, 900]
第6輪排序後的結果: [-300, -1, 13, 24, 57, 69, 80, 900]
第6輪排序後的結果: [-300, -1, 13, 24, 57, 69, 80, 900]
第7輪排序後的結果: [-300, -1, 13, 24, 57, 69, 80, 900]
----------------------最終排序結果----------------------
最終排序結果: [-300, -1, 13, 24, 57, 69, 80, 900]
